1 11700 490
1 11550 490
1 11400 490
1 11100 490
1 10950 490
1 10800 490
2 10500 290
2 10350 290
2 10200 290
1 9900 490
1 9750 490
1 9600 490
1 9300 490
1 9150 490
1 9000 490
0 8700 690
0 8550 690
0 8400 690
-1 8100 890
-1 7950 890
-1 7800 890
-1 7500 890
-1 7350 890
-1 7200 890
0 6900 690
0 6750 690
0 6600 690
0 6300 690
0 6150 690
0 6000 690
-1 5700 890
-1 5550 890
-1 5400 890
-1 5100 890
-1 4950 890
-1 4800 890
0 4500 690
0 4350 690
0 4200 690
0 3900 690
0 3750 690
0 3600 690
0 3300 690
0 3150 690
0 3000 690
1 2700 490
1 2550 490
1 2400 490
0 2100 690
0 1950 690
0 1800 690
-1 1500 890
-1 1350 890
-1 1200 890
0 900 690
0 750 690
0 600 690
1 300 490
1 150 490
1 0 490
